0.027982582079923577 0.012588622739763727 0.00788803653318085 0.005388048373506016 0.003821054879141044 0.0027658707419899085 0.0019861026843324726 0.00128692707593679
0.03142435399291023 0.015474209798156566 0.009859902604916159 0.00648706574833927 0.004301728648013859 0.002923993244692477 0.0020211746586765084 0.001291102645386655
0.040056408749373454 0.022869541069259154 0.015047520633212326 0.009451783900135359 0.0056488915661732815 0.0033857342501685027 0.002128638820823227 0.001304030858429733
0.05914970917330143 0.03970177406817964 0.027181542522720932 0.01657788098748992 0.008960845703613546 0.00453281233068459 0.0024018984891792613 0.0013375153452565714
0.09625817646558352 0.07341096036411073 0.05230840702547972 0.031805487810292604 0.01624648211945421 0.007140028099449429 0.003027454328040649 0.0014183279272748583
0.1585112460304943 0.1324923299520082 0.09839025071218531 0.06093823013439578 0.03066280790216171 0.012432092817339813 0.004330919066863333 0.001593277252242289
0.2446070820229958 0.22107770086551062 0.17279112017339499 0.11084934847646631 0.056623780687374045 0.022188212206361253 0.006791386244752299 0.0019197932063279859
0.3336523057463629 0.3284713806432735 0.2757361224939562 0.1870750527884256 0.09891607348258012 0.03881727412716966 0.011084776769715721 0.0023920928295120486
0.36665206646042303 0.4106821363277627 0.38927465490861624 0.29016455891869797 0.16222721990345232 0.06497300409391955 0.017386306917572376 0.002935937155778853
0.23856477728042683 0.37740041422170306 0.46556878630272824 0.4070768172666494 0.24823261753257822 0.10085452799279129 0.023761399017421338 0.003608176392824344
-0.19741020264607417 0.08871488748638746 0.41554704941036497 0.5049591257228065 0.34774762214855237 0.1360991895001944 0.02806241252129316 0.0043461642836235955
-1.0804387149536856 -0.5904734759594203 0.1341208273070112 0.5307862140487032 0.4325784503112877 0.15662954757992473 0.03305433450482804 0.004688904129736882
-2.416429031215358 -1.6833692430399707 -0.43584235968295393 0.43518409566199484 0.4819900414625602 0.17896361659038962 0.039256322114857335 0.004851788307103754
-3.976202270151669 -2.973635781501989 -1.2002502866206217 0.22320423252930882 0.5305147843720115 0.2181117697307599 0.045189316196594 0.0053166628296359535
-5.216854165032021 -3.9749315149379054 -1.860673352091874 -0.02068171155010296 0.5819094920056126 0.2554123017578514 0.05338600774051425 0.005780545396954768
-5.717612952184835 -4.3518801894225 -2.202537070933912 -0.1820620578230548 0.6016509613023662 0.27810313509654055 0.05658939275687073 0.006128895115558253
-5.726187275600792 -4.364646960864012 -2.2128770811255514 -0.1871302448792437 0.5946930198889383 0.2724469877518274 0.05435129290723376 0.005956494465884595
-5.243053000994786 -4.012027232938426 -1.8866511290944772 -0.03382792184058651 0.5622933343807243 0.2384197881336997 0.04786764857389681 0.005445050896214585
-4.012980881773826 -3.01922769479334 -1.2257054324185384 0.20645941131081721 0.5026676788401951 0.19749088852971297 0.03922183828591061 0.005031454749671038
-2.450255011847006 -1.7173922556384855 -0.456528316733117 0.4185201218990478 0.45625771074661686 0.16211248577755308 0.03559176401190871 0.004805338583134145
-1.1054364017164837 -0.6124090380794585 0.11859504856282914 0.5162258767437784 0.4148357767045834 0.14464919308526317 0.031541846970230845 0.004852477551220764
-0.21465197150059687 0.07400461046022991 0.4029699068477856 0.49251943156028943 0.33662293031452456 0.12908628883112924 0.02716954458165213 0.004475707041538609
0.226514661934882 0.3660385442462321 0.45479121299751335 0.39762896450844315 0.24113536612665992 0.0973572531272408 0.022972676405853452 0.003639864732487843
0.35847132484995287 0.4026945089546862 0.3815020093943111 0.28370780091385694 0.1581229606306998 0.06331561804118876 0.0169185426090328 0.0029251505434525504
0.32813716126260123 0.3228452322699911 0.2701523716912335 0.18329475065684328 0.09666402792453142 0.03800740624746433 0.01088925343771365 0.00237421269854232
0.24093258951481014 0.21803140211846553 0.16971523073342473 0.10880832100939865 0.05548500267146326 0.02182056129855247 0.006719668245706949 0.001911034067723451
0.15655356696428127 0.1306442055900233 0.09685374123561888 0.05995567826366654 0.03018388946515159 0.012267704369598897 0.004299441260565508 0.0015909621344718757
0.09540882091304334 0.07243408042665216 0.05162789667457709 0.0313600769298652 0.016032679148045157 0.007062391123815983 0.0030144925875436237 0.0014177610776567888
0.05872075894758987 0.039278973074947515 0.026904784028436823 0.016409213207509835 0.008872208773175981 0.00451351929144617 0.002395280016331865 0.0013374268572665968
0.03992160380599571 0.022723807967431574 0.014964020569657732 0.009406655067232273 0.0056163735607599454 0.0033768368459921043 0.0021262701993129823 0.0013040327460153277
0.03138449059752057 0.015433034115819384 0.00982615414925699 0.006468550774689493 0.0042927842776568385 0.0029208087602773775 0.0020209403997101 0.0012910290337438796
0.027971503896535087 0.012582269577924559 0.007878990381763679 0.0053876698885368815 0.0038182864617463358 0.0027650342679436868 0.001985747142189142 0.0012869636877201882
